0	0.001129305477131564
1	0.0
2	0.0
3	0.0
4	0.0
5	0.0
6	0.22857142857142856
7	0.04608675090613692
8	0.0
9	0.0
10	0.0
11	0.34841297638687935
12	0.0
13	0.0
14	0.0
15	1.2954195946819974E-4
17	0.0
16	0.0
19	0.0
18	0.01888276947285602
21	0.0
20	1.6573293912569957E-5
23	0.0
22	4.521318272548148E-5
25	0.11868131868131868
24	0.0
27	0.13067982808375234
26	0.0
29	0.0
28	7.215007215007215E-5
31	0.0
30	0.0
34	0.0
35	0.0
32	0.0
33	0.0
38	0.002690687827353417
39	0.0
36	0.009728438063222697
37	0.0
42	0.012364139172937166
43	0.0
40	0.0
41	0.5955068418378072
46	0.0
47	0.01937775793894408
44	0.0
45	0.0
51	0.02290628887260899
50	6.81343848421773E-6
49	0.0
48	0.02725839111265765
55	0.0
54	0.0
53	0.0
52	0.0
59	0.0
58	0.0
57	0.00901164400733791
56	0.15336189054240248
63	0.0
62	0.0
61	0.0
60	0.0
68	0.0
69	0.0
70	7.832247005694314E-7
71	1.304571872125865E-4
64	0.0
65	0.0
66	0.0
67	2.857547466490909E-8
76	0.0
77	3.277972027972028E-4
78	0.0
79	0.0
72	0.15556472016877101
73	0.024175824175824177
74	0.0
75	0.0
85	0.01491694887921303
84	0.0
87	0.005450647644234699
86	0.020948800847407693
81	0.0
80	0.0
83	0.0
82	0.23956336119845592
93	0.0
92	0.0
95	1.5843836041140464E-4
94	0.0
89	0.0
88	1.3175230566534913E-4
91	0.0
90	0.0
102	0.0
103	0.0
100	3.844231730288702E-6
101	0.0
98	0.0
99	0.0
96	1.0592951577959461E-5
97	0.0
110	0.0
111	0.0
108	0.0
109	0.0
106	0.013566670545347893
107	0.019604073485589565
104	0.0
105	0.0
119	0.0
118	0.0
117	0.0
116	1.3533103233166282E-6
115	0.0
114	0.0
113	0.26154571634124174
112	1.8045520886551784E-4
127	0.0
126	0.0
125	0.0
124	0.17591093117408907
123	0.23772253457726153
122	0.5
121	0.0
120	3.234474047426621E-4
137	2.415697612894433E-5
136	0.0
139	0.0
138	0.0
141	0.0
140	0.09780779353494433
143	0.0
142	0.2
129	0.0
128	0.07252502780867631
131	0.0
130	1.7204239518197807E-5
133	0.0
132	0.0
135	0.0
134	0.0
152	0.0
153	2.1371318790338365E-5
154	0.0
155	0.0
156	0.002466851680542707
157	2.473474459892117E-7
158	0.17589882041967334
159	0.0
144	0.0
145	1.9641133193515098E-4
146	0.0
147	0.12712076066231334
148	0.0
149	0.2639643246784804
150	0.0
151	0.0
171	0.0
170	0.03146853146853147
169	6.105006105006105E-4
168	0.0
175	0.0
174	0.0
173	0.006400172508885272
172	0.0
163	0.0
162	0.0
161	0.0
160	0.0
167	0.0
166	0.0
165	0.020884006375178638
164	0.0
186	0.0
187	0.03881346682805252
184	0.0
185	0.0
190	0.0
191	0.4666666666666667
188	0.0
189	2.7993194154671145E-5
178	0.0
179	0.0
176	0.28594676593724605
177	0.0
182	0.27838587830143596
183	0.0
180	0.0
181	0.04147608449422834
205	0.0
204	0.0
207	0.0
206	0.0
201	0.0
200	0.0
203	0.02053673850018404
202	0.0
197	0.0
196	0.22689265935343703
199	2.8676177779316792E-5
198	0.0
193	0.0
192	0.0
195	0.0
194	0.0
220	0.20651574038087836
221	0.0
222	0.012351778656126482
223	0.0
216	0.0
217	0.0
218	0.0
219	0.0
212	0.0
213	0.045112781954887216
214	0.0
215	0.018828158298056633
208	0.0
209	0.0
210	0.0
211	0.1825305386450496
239	0.0
238	0.0
237	0.2975294283658079
236	0.0
235	0.0
234	0.0
233	0.0
232	5.609930801503564E-7
231	0.0
230	0.0
229	0.0
228	0.0
227	0.0
226	0.10340424782501496
225	0.0
224	0.0
254	0.0
255	0.0
252	0.0
253	0.0
250	2.024906348081401E-5
251	0.012315270935960592
248	1.27521815249408E-4
249	0.0
246	0.0
247	3.215817710715559E-5
244	0.0
245	0.0
242	0.0
243	0.0
240	0.0
241	0.0
275	0.0
274	0.0
273	0.08189457601222307
272	0.0
279	0.10714285714285714
278	0.0
277	0.0
276	1.0395955973126453E-6
283	0.10189143142795931
282	0.0011874402745814274
281	0.0
280	0.0
287	0.0
286	0.0
285	0.0
284	0.0
258	0.0
259	0.0
256	0.7148018971778964
257	0.0
262	0.29159683289742766
263	0.0
260	0.0
261	0.0
266	0.0
267	0.0
264	0.0
265	0.003968253968253968
270	0.0
271	0.0
268	0.03431372549019608
269	0.0
305	9.824426817971283E-4
304	0.0
307	0.0
306	3.621311576073522E-7
309	0.016233766233766232
308	0.0
311	0.0
310	0.0702223110554025
313	0.0
312	0.0
315	0.009130434782608696
314	0.0
317	0.0
316	0.057804838839321596
319	0.03571428571428571
318	0.0
288	0.0
289	0.0
290	0.0
291	0.0
292	0.0
293	0.0
294	0.0
295	0.2943551748679816
296	0.0
297	0.0
298	0.0
299	0.0
300	0.1559942899279937
301	0.2465259481679001
302	0.0
303	0.0
343	0.0
342	0.0
341	1.8380237524501088E-8
340	0.0
339	0.0
338	0.004869882019600329
337	0.0
336	0.0
351	0.0
350	0.0
349	0.0
348	0.0
347	0.0
346	0.0
345	0.0
344	0.0
326	0.0017421602787456446
327	0.0
324	0.0
325	0.0
322	0.0
323	0.0
320	0.0
321	0.0
334	0.0
335	0.0
332	0.0
333	3.3436728393144706E-5
330	0.0
331	0.0
328	0.0
329	0.0
373	0.0
372	0.0
375	0.6147271009925821
374	0.0
369	0.0
368	0.0
371	0.0
370	0.0
381	0.0
380	0.7747899159663866
383	1.826437815226044E-7
382	0.0
377	0.0
376	0.0
379	0.0
378	2.312776227065673E-7
356	0.15851913795672165
357	0.0
358	0.0
359	0.04373459336609958
352	0.0
353	0.0
354	0.0
355	0.0
364	1.6742140115357212E-4
365	2.0054501055810496E-6
366	0.0016013138813310583
367	0.0
360	0.0
361	0.0
362	0.0
363	0.0
410	0.0
411	0.0
408	0.0
409	0.0
414	7.57607539552296E-5
415	0.0
412	0.0
413	0.0
402	0.0
403	0.0
400	0.4617888077037328
401	1.0555625639303101E-4
406	0.0
407	0.0
404	0.5
405	0.0
395	0.2603509141721395
394	0.0
393	3.663003663003663E-4
392	0.0
399	0.0
398	0.0
397	0.0
396	0.0
387	0.0
386	0.0
385	0.0
384	0.0
391	0.0
390	0.0
389	0.0
388	8.96887799336303E-5
440	0.0
441	0.0
442	0.0
443	0.0
444	0.0
445	0.0
446	0.0
447	0.0
432	0.0
433	0.0
434	0.0
435	0.0
436	0.0
437	0.0
438	0.0
439	0.0
425	0.0
424	0.0
427	3.4966419266090954E-6
426	3.216053811022923E-6
429	0.0
428	0.0
431	0.0
430	0.0
417	0.0
416	0.0
419	1.521797237436416E-4
418	0.0
421	0.0
420	0.0
423	0.012672036990210599
422	0.1692466460268318
478	0.0
479	0.0
476	0.0
477	0.0
474	0.0
475	1.1607728478418133
472	0.0
473	0.0
470	0.0
471	0.0
468	2.1411296567862796E-6
469	1.306725984306176E-6
466	0.0
467	0.0
464	0.0
465	0.0
463	0.25694508951420997
462	0.0
461	0.0
460	0.0
459	0.0
458	0.0
457	0.0
456	0.0
455	0.0
454	5.07167469681827E-6
453	0.0
452	0.0
451	0.0
450	0.0
449	0.0
448	0.0
508	3.320752644215788E-4
509	0.0
510	0.0
511	0.0
504	0.0
505	0.0
506	0.0
507	0.0
500	0.0
501	0.0
502	0.0014071294559099437
503	0.0
496	4.74158368895211E-4
497	0.0
498	0.0
499	0.0
493	4.362088567715416E-8
492	0.0
495	0.0
494	0.0
489	0.0
488	0.0
491	7.259392109278128E-8
490	0.0
485	0.0
484	0.0
487	0.0
486	0.0
481	0.0
480	0.0
483	0.0
482	0.0
550	0.0
551	0.0
548	0.0
549	0.0
546	0.0
547	0.0
544	0.0
545	0.0
558	0.0
559	0.16134747358428908
556	0.0
557	0.0
554	4.4101896196308475E-8
555	0.0017956739782527184
552	0.0
553	0.0
567	0.0
566	0.0
565	0.0
564	0.0
563	0.0
562	0.0
561	0.0
560	0.0
575	0.0
574	0.0
573	0.0
572	0.0
571	0.0
570	0.0
569	1.5123923577888208E-4
568	0.0
516	0.0
517	0.0
518	0.0
519	0.0
512	0.0
513	0.0
514	1.1126595623353611E-7
515	0.0
524	0.0
525	0.0
526	0.0
527	6.2375735838758725E-6
520	0.006920875788718405
521	0.0
522	0.0
523	0.0
533	0.0
532	0.0
535	0.0
534	0.0
529	0.0
528	0.0
531	0.1
530	0.0
541	0.0
540	0.1701154258994145
543	0.0
542	0.0
537	0.0
536	0.0
539	0.0
538	0.0
576	0.0
577	0.0
578	0.0
579	0.0
580	0.010120470175096328
581	0.0
582	0.0
583	0.0
584	0.0
585	0.0
586	0.0
587	1.2420957542908762E-4
588	0.0
589	0.0
590	0.0
591	0.0
593	0.0
592	1.9422563493477155E-6
594	0.0
