0	8.789148331526674E-6
1	0.0
2	4.8004800480048006E-4
3	0.7560483870967742
4	0.0
5	0.0
6	3.724253319518712E-4
7	1.290909090909091
8	0.0
9	0.0
10	0.0
11	6.585175124500967E-5
12	0.35564511824053807
13	0.24037484944672313
14	1.6987374578129986E-7
15	0.0
17	0.0034492498137317445
16	0.0
19	1.1167445938047926
18	1.0797416384689076
21	0.028232636928289104
20	0.0
23	0.0
22	0.06675852260100448
25	0.0
24	1.1270048877895404
27	1.1021655853787518
26	1.1860050641686459E-4
29	3.7593984962406017E-4
28	0.0
31	1.725705329153605
30	2.523642616155502E-5
34	0.08017267961763799
35	0.32810595405532117
32	0.4409090909090909
33	0.040400111141983885
38	2.0
39	0.0
36	0.06856031662062345
37	0.0
42	0.0
43	0.5660507654877759
40	3.9938022600379344E-4
41	0.7047048509643483
46	0.0
47	0.0
44	0.0
45	0.9727272727272728
51	0.0
50	0.48600240096038416
49	0.7427802400178091
48	0.8
55	0.0
54	0.0
53	0.0
52	0.13863294600136705
59	0.0
58	0.0
57	0.0
56	0.0
63	1.0
62	9.480836007415285E-6
61	0.0
60	0.0
68	0.0
69	0.0
70	0.0011892257585706598
71	1.2808943226883909
64	0.0
65	0.1084938889084569
66	0.7478917411653183
67	0.0
76	1.1011684095327491E-4
77	0.0
78	0.0
79	0.134077243293247
72	0.0
73	0.23296703296703297
74	0.45
75	0.0
85	0.0
84	0.0
87	0.4
86	0.0
81	1.1719635695027961
80	0.0
83	0.0
82	0.023809523809523808
93	0.0
92	0.0
95	0.0
94	0.0
89	0.0
88	0.0
91	0.4923771880293619
90	1.5527458778318959
102	0.0
103	1.2752024291497976
100	0.6480419364785692
101	4.784688995215311E-4
98	0.0
99	0.0
96	0.49107142857142855
97	0.3184595016452873
110	0.0
111	0.0
108	0.9945054945054945
109	0.0
106	0.0
107	2.3792757846161547E-6
104	0.0
105	0.0
119	0.0
118	1.2074669757782124E-6
117	0.6832587847314355
116	0.0
115	0.0
114	0.0
113	7.848811094247199E-5
112	0.0
127	0.0
126	0.0
125	0.18302301122759526
124	0.0
123	0.4642857142857143
122	0.0
121	0.0
120	0.6777009885399352
137	0.0
136	2.6803881094766997E-8
139	0.003681110411210202
138	0.0
141	0.0
140	0.0
143	0.0
142	0.0
129	0.0
128	0.0
131	0.5511238784105476
130	0.0
133	0.0
132	0.5894017094017094
135	0.0
134	0.0
152	0.0
153	0.14549499443826475
154	0.55
155	0.0
156	1.3201754385964912
157	0.0
158	0.0
159	0.0
144	0.07448107448107448
145	1.684065934065934
146	0.0
147	0.9127578304048892
148	0.0
149	1.2813675213675213
150	0.03162055335968379
151	0.0
171	0.0
170	0.0
169	0.0
168	6.0961754811822144E-5
175	0.0
174	1.5
173	0.0
172	0.0055617352614015575
163	0.0
162	0.001909247522561679
161	0.12836484983314794
160	2.0242914979757084E-4
167	0.0
166	1.1422881279877868
165	1.1381436941103915
164	0.7727272727272727
186	0.0
187	1.590942884538544E-6
184	6.297518894176414E-4
185	0.0
190	0.0
191	1.2856488017864776
188	0.0
189	0.0
178	0.0
179	1.202407379275192
176	1.2210833942177226
177	0.0
182	0.0
183	2.9629017691553386E-5
180	0.0
181	0.0
205	0.0
204	0.0
207	0.0
206	0.0
201	0.0
200	0.0
203	0.0
202	0.0
197	0.0
196	0.0
199	0.5660265528686581
198	0.0
193	0.0
192	1.1295652173913044
195	0.0
194	0.0
220	0.0
221	1.454080144454476
222	0.6098329105065173
223	0.0
216	2.0
217	0.0
218	0.0
219	0.0
212	0.001166709878143635
213	2.0
214	0.0
215	0.0
208	0.0
209	0.0
210	0.0
211	3.062175734001585E-5
239	0.0
238	0.0
237	0.0
236	0.6163306451612903
235	0.0
234	0.0
233	0.0
232	0.005185965480917268
231	0.0
230	0.0
229	0.0
228	0.0
227	1.5648513475965546
226	0.004554655870445344
225	0.003930151195228334
224	0.0
254	0.0
255	0.7620075046904315
252	2.0
253	0.0
250	0.10427887901572112
251	0.0
248	0.0
249	0.0
246	0.0
247	0.0
244	0.4303571428571429
245	0.0
242	0.0
243	0.0
240	0.0015037593984962407
241	0.0
275	0.0
274	0.0
273	0.0
272	0.0
279	0.0
278	0.0
277	4.312575470070726E-5
276	0.0
283	0.0
282	0.0
281	0.0
280	0.0
287	0.0
286	0.0
285	2.0
284	0.0
258	0.0
259	0.0
256	0.0
257	0.0
262	0.0
263	2.844950213371266E-5
260	0.0
261	0.0
266	0.0
267	0.0
264	0.0
265	0.0
270	0.0
271	0.0
268	0.0
269	0.0
305	0.4375
304	0.0
307	0.0
306	0.0
309	0.0
308	7.573763188270792E-4
311	0.0
310	0.0
313	0.5290796160361377
312	0.0
315	0.0
314	0.0
317	0.0
316	0.0
319	1.4035087719298245
318	0.0
288	0.0
289	0.024175824175824177
290	0.0
291	0.0
292	0.0
293	0.0
294	1.9905825539373226E-6
295	0.0030075187969924814
296	0.0
297	0.0
298	0.0
299	0.0
300	0.0
301	0.0
302	1.1931541970927033
303	0.0
343	0.0
342	0.0
341	0.0
340	0.0
339	0.0
338	0.0
337	0.0
336	0.0
351	0.0
350	0.0
349	0.0
348	0.0
347	0.0
346	0.0
345	0.0
344	0.0
326	0.7857142857142857
327	1.9546153846153846
324	0.0629514963880289
325	0.0
322	0.0
323	0.0
320	0.0
321	2.0
334	0.0
335	0.0
332	1.3032467532467533
333	0.0
330	0.0
331	0.025
328	1.904913010176168
329	0.0
373	0.0
372	2.0
375	0.0
374	0.0
369	0.0
368	1.5394736842105263
371	0.0
370	0.0034183673469387753
381	0.0
380	0.3717948717948718
383	0.07327141382868937
382	0.0
377	0.0
376	1.45762279927632
379	0.0
378	0.0
356	0.0
357	0.13970588235294118
358	0.0
359	0.0
352	0.0
353	0.21428571428571427
354	0.0
355	0.0
364	0.2
365	0.0
366	1.3991890846967
367	0.0
360	0.0
361	0.0
362	0.0
363	0.012542720437457279
410	0.0
411	0.0
408	0.0
409	0.0
414	0.0
415	0.0
412	0.2
413	0.0
402	0.0
403	0.0
400	0.0
401	0.0
406	0.0
407	1.3045241443975621
404	0.0
405	0.0
395	0.0
394	0.0
393	0.0
392	0.0
399	0.0
398	0.35714285714285715
397	0.0
396	0.0
387	1.4703296703296704
386	0.0
385	0.0
384	0.509090909090909
391	1.3077321229495142
390	0.0
389	0.0
388	0.0
440	0.0
441	0.0
442	0.0
443	0.0
444	2.0
445	7.873085856001259E-6
446	0.0
447	0.5
432	0.0
433	0.0
434	0.0
435	0.0
436	0.0
437	0.0
438	0.0
439	0.0
425	0.0
424	0.0
427	0.03571428571428571
426	0.0
429	0.0
428	0.0
431	0.0
430	0.0
417	0.0
416	0.0
419	0.0
418	0.0
421	0.0
420	0.0
423	0.0
422	0.0
478	0.0
479	1.0
476	0.0
477	0.0
474	0.0
475	0.0
472	0.0
473	0.0
470	0.0
471	0.0
468	0.0
469	0.0
466	0.0
467	0.0
464	0.0
465	1.1520421607378128
463	0.0
462	0.0
461	0.0
460	0.0
459	0.0
458	0.0
457	7.692307692307692E-4
456	0.0
455	0.0
454	0.0
453	0.0
452	0.0
451	0.0
450	0.0
449	0.0
448	0.0
508	0.0
509	0.0
510	0.0
511	0.0
504	0.0
505	1.3084971178554066
506	0.0
507	0.0
500	0.0
501	0.0
502	0.08796992481203007
503	0.0
496	0.0
497	0.0
498	0.0
499	0.0
493	0.0
492	0.0
495	0.0
494	0.0
489	0.0
488	0.0
491	0.0
490	2.0
485	0.0
484	0.0
487	0.0
486	0.0
481	0.0
480	2.0
483	0.0
482	0.0
550	0.0
551	0.0
548	0.0
549	0.0
546	0.0
547	0.0
544	0.0
545	0.0
558	0.0
559	0.0
556	0.0
557	0.0
554	0.0
555	0.0
552	0.0
553	0.0
567	0.0
566	0.0
565	0.0
564	0.0
563	0.0
562	0.0
561	0.0
560	0.0
575	1.719932241671372
574	0.0
573	0.0
572	0.0
571	0.0
570	0.0
569	0.0
568	0.0
516	0.0
517	0.0
518	0.0
519	0.0
512	1.4
513	0.0
514	0.0
515	0.0
524	0.0
525	0.0
526	0.0
527	0.0
520	0.0
521	0.0
522	0.0
523	0.0
533	0.0
532	0.0
535	0.0
534	0.0
529	1.2571428571428571
528	0.0
531	0.0
530	0.0
541	0.0
540	0.0
543	0.42857142857142855
542	0.0
537	0.0
536	2.0
539	0.0
538	0.0
576	0.0
577	0.0
578	0.002197802197802198
579	0.0
580	0.09191176470588236
581	0.0
582	1.542857142857143
583	0.0
584	0.0
585	0.0
586	0.8443627450980392
587	0.0
588	0.0
589	0.0
590	0.0
591	0.0
593	0.0
592	0.0
595	0.0
594	0.0
