0	0.0
1	0.2
2	0.0
3	8.537522410996328E-5
4	1.4187944842248978E-6
5	0.0
6	1.084831389471016
7	0.4999875241200346
8	5.563832688352079E-4
9	2.468014511682374E-5
10	0.0
11	0.0017862287525208873
12	0.0
13	0.03892095456516547
14	9.45923619907157E-5
15	1.611291933872579E-6
17	0.0
16	0.1
19	1.383086205548305
18	0.005756258092970919
21	0.2851820910869754
20	0.05714285714285714
23	0.0
22	0.016666666666666666
25	1.4
24	0.0
27	0.5892857142857143
26	0.0
29	0.09738515176374077
28	0.0
31	0.8956440506058827
30	6.370441153049849E-5
34	0.0
35	0.019762845849802372
32	0.0
33	0.0
38	0.0
39	0.0
36	1.821433787731256
37	0.0029411764705882353
42	7.555968820711196E-4
43	1.0065934065934066
40	7.059712942065883E-5
41	0.0
46	0.598349978289188
47	0.0
44	1.9422084623323013
45	0.0
51	0.021052631578947368
50	0.008485026423957721
49	0.6758241758241759
48	0.0
55	1.172629118090375
54	0.7414794546850998
53	0.0
52	1.6838343108504399
59	1.1666666666666667
58	0.0
57	0.0
56	0.0060866345797852646
63	0.0
62	0.8461295034079844
61	0.0
60	0.002222305557638941
68	0.0
69	0.0
70	1.1379223594203176E-5
71	0.0
64	0.0
65	0.0
66	1.4008064516129033
67	0.0
76	0.0
77	0.0
78	0.0
79	1.3753790693120826
72	2.0
73	2.2172949002217295E-4
74	1.5588944321603573
75	0.0
85	1.7017857142857142
84	7.549444752724857E-5
87	1.3256704980842913
86	0.7827526132404181
81	1.4686630293639054
80	0.0
83	0.0
82	0.41629682229717735
93	1.9315874381258207
92	2.0
95	0.0
94	0.17943950786056048
89	0.0
88	1.2062643239113828
91	0.8803571428571428
90	0.8
102	0.0
103	1.037414066631412
100	0.0
101	0.0
98	4.031607805192711E-4
99	0.0
96	1.0743243978624526
97	0.0
110	0.0
111	0.4
108	0.0
109	0.0
106	0.0
107	0.0
104	8.206260630837635E-5
105	0.0
119	1.3420297262473238
118	0.7372186247301881
117	0.0
116	0.0
115	0.0
114	0.028529698149951314
113	0.0
112	0.55
127	0.0
126	0.0
125	0.7622549019607843
124	0.0
123	0.0
122	1.2
121	0.45
120	0.0
137	0.0
136	0.0
139	0.0
138	0.0
141	0.0
140	0.0
143	0.0
142	0.9532814238042269
129	0.0
128	0.0
131	0.0
130	0.0
133	0.0
132	0.0
135	0.0
134	0.9864483342744212
152	0.0
153	0.006928527687866328
154	0.0
155	0.0
156	0.0
157	0.0
158	0.0
159	0.0
144	4.984492064649282E-7
145	0.0
146	0.0
147	1.841733870967742
148	1.6281986011137828
149	2.0
150	0.0
151	0.0
171	0.0
170	0.0
169	2.0
168	0.0
175	0.0
174	2.0
173	0.0
172	0.0
163	0.0
162	0.0
161	0.0
160	1.194088669950739
167	1.5384615384615385
166	0.22857142857142856
165	0.5
164	0.0
186	0.0
187	0.0
184	0.0
185	0.0
190	1.125
191	0.23781850333574472
188	0.0
189	1.1821606608745192
178	1.8620383809063055
179	0.0
176	0.36363636363636365
177	0.0
182	0.0
183	0.0
180	0.0
181	0.8
205	1.4670426306563156
204	0.0
207	0.0
206	1.5785590403237462
201	0.0
200	1.8583151800901196
203	0.0
202	0.0
197	0.0
196	0.0
199	0.0
198	1.45
193	1.3262463343108504
192	0.0
195	0.0
194	2.0
220	2.0
221	0.0
222	0.09462759462759462
223	0.0
216	0.0
217	0.0
218	1.8008958566629338
219	0.0
212	0.0
213	0.0
214	0.0
215	1.2553571428571428
208	0.0
209	0.7824576639166305
210	0.00909090909090909
211	0.0
239	0.0
238	0.0
237	0.0
236	1.5250759878419453
235	0.0
234	1.3142857142857143
233	0.0
232	2.0
231	0.9153454830053668
230	0.012987012987012988
229	0.0
228	0.0
227	0.0
226	0.0
225	0.0
224	0.0
254	0.0
255	0.0
252	0.0
253	0.0
250	0.0
251	0.0
248	0.0
249	0.0
246	0.0
247	0.0
244	0.0
245	1.5325488334237656
242	0.23809523809523808
243	0.0
240	0.0
241	0.0
275	0.0
274	0.0
273	0.0
272	0.0
279	0.0
278	0.0
277	0.0
276	0.0
283	0.0
282	0.0
281	0.0
280	0.0
287	0.1
286	0.0
285	0.0
284	0.0
258	0.0
259	0.0
256	1.9086154903233195E-5
257	0.0
262	0.42424242424242425
263	1.5060841563709644
260	0.0
261	0.8233766233766234
266	1.6753956362105997
267	0.0
264	0.0
265	0.0
270	0.0680161943319838
271	1.594574780058651
268	0.0
269	0.01607142857142857
305	0.0
304	2.0
307	0.0
306	0.0
309	0.0
308	1.6981951871657754
311	0.0
310	0.0
313	0.3468379446640316
312	2.0
315	0.0
314	0.0
317	0.0
316	0.0
319	0.0
318	0.0
288	0.0
289	0.0
290	0.0
291	0.0
292	0.0
293	0.0
294	0.0
295	0.0
296	0.0
297	0.0
298	0.0
299	0.0
300	0.0
301	0.0
302	0.8
303	0.0
343	0.0
342	0.0
341	2.0
340	0.2
339	0.0
338	2.0
337	0.0
336	0.0
351	0.0
350	0.0
349	0.0
348	0.0
347	0.0
346	0.0
345	0.0
344	0.0
326	0.0
327	0.0
324	0.0
325	0.0
322	0.0
323	0.0
320	0.0
321	0.0
334	0.0
335	0.0
332	0.0
333	0.0
330	0.0
331	0.0
328	0.0
329	0.0
373	0.0
372	0.0
375	1.05
374	1.0995192307692307
369	0.0
368	0.0
371	0.0
370	1.434782608695652
381	0.0
380	0.0
383	1.975397132894227
382	0.0
377	0.0
376	0.0
379	0.0
378	0.0
356	1.1816033185413852
357	0.0
358	1.6617040202333588
359	0.0
352	0.0
353	0.0
354	0.0
355	0.0
364	0.0
365	0.0
366	0.0
367	0.0
360	0.0
361	0.0
362	2.0
363	2.0
410	0.0
411	1.701098901098901
408	0.0021337126600284497
409	0.0
414	0.0
415	0.0
412	0.0
413	0.0
402	0.0
403	0.0
400	0.0
401	0.0
406	0.6
407	0.9230769230769231
404	0.0
405	0.0
395	0.0
394	0.0
393	0.0
392	0.0
399	0.0
398	0.0
397	0.0
396	0.0
387	0.0
386	0.0
385	0.0
384	0.0
391	0.0
390	0.0
389	0.0
388	0.0
440	0.006060606060606061
441	0.0
442	0.0
443	2.0
444	0.0
445	0.0
446	0.0
447	0.0
432	0.0
433	0.0
434	0.0
435	0.0
436	0.0
437	0.0
438	0.7419909502262444
439	0.0
425	0.0
424	0.0
427	0.0
426	0.0
429	0.0
428	0.06666666666666667
431	0.0
430	0.0
417	0.0
416	0.0
419	0.0
418	0.0
421	0.48484848484848486
420	0.0
423	1.0354476462056185E-4
422	0.0
478	2.0
479	0.0
476	0.0
477	0.0
474	2.0
475	0.0
472	0.0
473	0.0
470	0.0
471	0.0
468	0.0
469	0.0
466	0.6787878787878788
467	0.0
464	0.0
465	0.0
463	0.0
462	0.0
461	0.0
460	0.0
459	0.0
458	0.0
457	0.0
456	0.0
455	0.0
454	0.0
453	0.0
452	0.0
451	0.0
450	0.0
449	0.0
448	0.0
508	0.0
509	0.0
510	0.0
511	0.0
504	0.0
505	0.0
506	0.0
507	1.2318400592373195
500	0.0
501	0.0
502	0.0
503	0.0
496	0.0
497	0.0
498	0.0
499	0.0
493	0.0
492	0.0
495	0.0
494	0.0
489	0.0
488	0.0
491	0.0
490	0.0
485	1.018181818181818
484	0.0
487	0.0
486	0.0
481	0.0
480	0.030303030303030304
483	2.0
482	0.0
546	0.0
544	0.0
545	0.0
516	0.0
517	0.0
518	0.0
519	0.0
512	0.0
513	0.0
514	0.0
515	0.0
524	0.0
525	0.0
526	0.0
527	0.0
520	0.0
521	0.0
522	0.0
523	0.0
533	0.0
532	0.0
535	0.0
534	0.0
529	1.77384815055159
528	0.0
531	0.0
530	0.0
541	0.0
540	0.0
543	0.0
542	0.0
537	0.0
536	0.0
539	0.0
538	0.0
