0	0.47887360652168803
1	0.0
2	1.8556351938596986E-4
3	2.7827183912177408E-5
4	4.0484008816517477E-5
5	1.3921426603157108
6	1.2377622377622377
7	1.4427230330591343
8	0.0017340404262123968
9	2.3189319926814507E-6
10	9.187713835389997E-4
11	0.0
12	1.407355165282879
13	0.6201236655976804
14	1.0976130101008095
15	0.05169930875576037
17	1.108670904662371
16	1.18319590074639
19	0.004340396445659604
18	9.289927150577151E-7
21	1.201473948323724
20	1.7165618448637316
23	2.173115840656281E-5
22	0.20034890192217134
25	0.7652947719688543
24	1.5699116919333452E-4
27	0.8462123481897775
26	0.2
29	0.09015175120673916
28	1.1042069066432543
31	1.072270127209084
30	0.14604077761972498
34	0.0
35	4.6466079761773905E-5
32	0.823109243697479
33	0.5323529411764706
38	2.775850104094379E-4
39	6.142622354280413E-9
36	2.2342374547566916E-5
37	0.0
42	0.0
43	0.0
40	7.910707738882918E-4
41	7.149554617909049E-4
46	0.0
47	0.0
44	1.4607933159419744
45	2.361179449184743E-5
51	0.0
50	1.1621491977199638E-4
49	0.07272727272727272
48	0.0
55	1.1428571428571428
54	5.426726784462816E-5
53	1.0268608229253002
52	1.2947368421052632
59	0.7660557545902373
58	0.8
57	0.0
56	4.521995576308675E-6
63	1.5037593984962405
62	0.0
61	6.057160350746759E-4
60	1.6491850459461697
68	2.0
69	0.0
70	1.2590834185990267
71	0.0
64	1.462559480961418
65	0.9274193548387096
66	1.4698805223673244
67	0.7318681318681318
76	0.0
77	0.0
78	1.5730269058295965
79	1.4265734265734267
72	1.9090909090909092
73	0.6010629421367676
74	0.0
75	0.0
85	1.354679802955665E-4
84	0.0
87	4.8792349781542145E-6
86	0.0
81	0.0
80	8.014098134301258E-6
83	4.516711833785005E-5
82	3.418803418803419E-4
93	0.0
92	0.002064825930372149
95	0.05714285714285714
94	0.3899350649350649
89	1.089795918367347
88	0.0
91	0.0
90	1.1551724137931034
102	1.3058823529411765
103	0.0
100	0.12423513986013986
101	1.350785907348634
98	1.2377188029361943
99	0.10073260073260074
96	0.0
97	0.9005561735261401
110	0.0
111	0.0
108	0.0
109	0.0
106	5.928853754940712E-4
107	9.555661729574773E-5
104	0.0
105	0.1407258064516129
119	0.0
118	0.0
117	0.0
116	0.0
115	0.0
114	0.2396341463414634
113	0.0
112	0.0
127	0.0
126	0.0
125	0.019642857142857142
124	0.26785714285714285
123	1.3142359845447256
122	0.0
121	0.0
120	0.0
137	1.8928571428571428
136	0.0
139	0.0
138	2.0
141	0.0
140	0.0
143	1.0729064039408867
142	2.0
129	0.0
128	0.0
131	0.0
130	1.6666666666666667
133	1.3454409974392343
132	0.0
135	0.0
134	0.0
152	0.0
153	0.0
154	0.0
155	0.0
156	0.0
157	0.0
158	0.0
159	0.0
144	0.0
145	0.0
146	0.0
147	0.0
148	0.8924886877828054
149	0.0
150	0.0
151	0.0
171	6.493506493506494E-4
170	0.8
169	0.0
168	1.0
175	1.722755505364201
174	0.0
173	0.0
172	2.0
163	0.0
162	0.0
161	0.0
160	0.0
167	0.0
166	0.0
165	1.534412955465587
164	1.2696329254727474
186	0.0
187	0.0
184	0.05454545454545454
185	0.0
190	0.0
191	0.0
188	0.47619047619047616
189	0.0
178	0.0
179	0.0
176	0.0
177	0.0
182	1.9227272727272726
183	0.0
180	1.7515151515151515
181	0.0
205	0.0
204	0.0
207	0.0
206	0.0
201	0.0
200	0.0
203	0.0
202	0.016176470588235296
197	0.0
196	0.0
199	2.0
198	0.0
193	0.0
192	0.0
195	0.0
194	1.8143574828133262
220	0.0
221	0.0
222	0.0
223	0.0
216	0.0
217	0.0
218	0.0
219	0.0
212	0.0
213	0.0
214	0.0
215	0.0
208	0.0
209	0.0
210	0.0
211	0.0
239	0.0
238	0.0
237	1.8571428571428572
236	0.0
235	0.0
234	2.0
233	0.0
232	0.0
231	0.0
230	0.0
229	0.0
228	0.0
227	0.0
226	0.0
225	0.0
224	0.0
254	0.0
255	0.0
252	0.0
253	0.0
250	0.0
251	0.0
248	2.0
249	0.0
246	0.0
247	2.0
244	0.0
245	0.0
242	0.0
243	0.0
240	2.0
241	0.0
275	0.0
274	0.0
273	0.0
272	0.0
279	0.0
278	0.0
277	0.0
276	0.0
283	0.0
282	0.0
281	0.0
280	0.0
287	0.0
286	0.0
285	0.0
284	0.0
258	0.0
259	0.0
256	0.0
257	0.0
262	0.0
263	0.0
260	0.0
261	0.0
266	0.0
267	0.0
264	0.0
265	0.0
270	0.0
271	0.0
268	0.0
269	0.0
305	0.0
304	0.0
307	0.0
306	0.0
309	0.0
308	0.0
311	0.0
310	0.0
313	0.0
312	0.0
315	0.0
314	0.0
317	0.0
316	0.0
319	0.0
318	0.0
288	0.0
289	0.0
290	0.0
291	0.0
292	1.7487290784082228
293	0.0
294	0.0
295	0.0
296	1.625
297	0.0
298	0.48084291187739464
299	0.0
300	0.0
301	0.0
302	0.0
303	0.0
343	0.0
342	0.0
341	0.0
340	0.0
339	0.0
338	0.0
337	0.0
336	0.0
351	0.0
350	0.0
349	0.0
348	0.0
347	0.0
346	0.0
345	0.0
344	0.0
326	0.0
327	0.0
324	0.0
325	0.0
322	0.0
323	0.0
320	0.0
321	0.0
334	0.0
335	0.0
332	0.0
333	0.0
330	0.0
331	0.0
328	0.0
329	0.0
373	0.0
372	0.0
375	0.0
374	0.0
369	0.0
368	0.0
371	0.0
370	0.0
381	0.0
380	0.0
383	0.0
382	0.0
377	0.0
376	0.0
379	0.0
378	0.0
356	0.0
357	0.0
358	0.0
359	0.0
352	0.0
353	0.0
354	0.0
355	0.0
364	0.0
365	0.0
366	0.0
367	0.0
360	0.0
361	0.0
362	0.0
363	0.0
410	0.0
411	0.0
408	0.0
409	0.0
414	0.0
415	0.0
412	0.0
413	0.0
402	0.0
403	0.0
400	0.0
401	0.0
406	0.0
407	0.0
404	0.0
405	0.0
395	0.0
394	0.0
393	0.0
392	0.0
399	0.0
398	0.0
397	0.0
396	0.0
387	0.0
386	0.0
385	0.0
384	0.0
391	0.0
390	0.0
389	0.0
388	0.0
440	0.0
441	0.0
442	0.0
443	0.0
444	0.0
445	0.0
446	0.0
447	0.0
432	0.0
433	0.0
434	0.0
435	0.0
436	0.0
437	0.0
438	0.0
439	0.0
425	0.0
424	0.0
427	0.0
426	0.0
429	0.0
428	0.0
431	0.0
430	0.0
417	0.0
416	0.0
419	0.0
418	0.0
421	0.0
420	0.0
423	0.0
422	0.0
478	0.0
479	0.0
476	0.0
477	0.0
474	0.0
475	0.0
472	0.0
473	0.0
470	0.0
471	0.0
468	0.0
469	0.0
466	0.0
467	0.0
464	0.0
465	0.0
463	0.0
462	0.0
461	0.0
460	0.0
459	0.0
458	0.0
457	0.0
456	0.0
455	0.0
454	0.0
453	0.0
452	0.0
451	0.0
450	0.0
449	0.0
448	0.0
508	0.0
509	0.0
510	0.0
511	0.0
504	0.0
505	0.0
506	0.0
507	0.0
500	0.0
501	0.0
502	0.0
503	0.0
496	0.0
497	0.0
498	0.0
499	0.0
493	0.0
492	0.0
495	0.0
494	0.0
489	0.0
488	0.0
491	0.0
490	0.0
485	0.0
484	0.0
487	0.0
486	0.0
481	0.0
480	0.0
483	0.0
482	0.0
550	0.0
551	0.0
548	0.0
549	0.0
546	0.0
547	0.0
544	0.0
545	0.0
556	0.0
554	0.0
555	0.0
552	0.0
553	0.0
516	0.0
517	0.0
518	0.0
519	0.0
512	0.0
513	0.0
514	0.0
515	0.0
524	0.0
525	0.0
526	0.0
527	0.0
520	0.0
521	0.0
522	0.0
523	0.0
533	0.0
532	0.0
535	0.0
534	0.0
529	0.0
528	0.0
531	0.0
530	0.0
541	0.0
540	0.0
543	0.0
542	0.0
537	0.0
536	0.0
539	0.0
538	0.0
