0	1.2326100226071132E-6
1	6.748313765097946E-7
2	2.0403985306410047E-5
3	0.025417357885054278
4	1.3214762331134314E-5
5	7.059565714555626E-5
6	1.4483318078237415E-4
7	2.1836364827837114E-6
8	6.411250699351937E-7
9	0.14391877570629025
10	0.07480285831110418
11	0.0
12	0.0
13	1.135159101381515E-7
14	0.0
15	9.857874390863406E-7
17	2.4233953351931007E-6
16	0.011268744480637607
19	7.89918805330867E-7
18	9.60046010763232E-6
21	0.022785594200094884
20	5.64652738565782E-4
23	0.0
22	0.5172384996631599
25	0.0
24	0.0
27	0.35812799187481914
26	1.3122428713292666E-4
29	0.012176520092573112
28	0.12571068755877654
31	0.14066884396171248
30	0.02196567190063186
34	0.05726161313699957
35	0.0
32	0.22441319909919438
33	0.05454078823095687
38	0.03388857782754759
39	0.008918455563759205
36	0.0
37	0.0
42	2.8522370094865403E-6
43	0.008241758241758242
40	0.05794346798249986
41	0.006526893374881452
46	0.0
47	0.044764137497946256
44	0.0015593685172813896
45	1.4074112573896603E-5
51	3.2553028667857073E-4
50	1.2392323104544613E-7
49	0.0
48	0.0
55	0.12984451177695483
54	9.473122941799489E-6
53	0.0
52	0.0
59	2.0413227145519502E-6
58	2.3536127145484467E-4
57	4.284120793327196E-6
56	3.3017829627999118E-6
63	0.00279371790999698
62	5.038164093004509E-6
61	2.1767601877514798E-5
60	0.0
68	8.549044033683234E-5
69	0.0
70	4.209446474020465E-4
71	0.6106532923784366
64	9.670011594234527E-6
65	3.4134850437797233E-4
66	2.0142639730237833E-4
67	0.0
76	0.12008546425575162
77	0.0
78	4.664563104192113E-8
79	0.0
72	0.0
73	8.630920271873989E-4
74	4.976456384843307E-6
75	0.0
85	5.654477498006797E-6
84	0.0
87	0.0
86	0.0
81	0.003620687726384181
80	5.03947433328305E-4
83	9.822494890099774E-4
82	0.0
93	0.08646245059288538
92	0.0
95	0.7533840680767613
94	0.0
89	0.0
88	0.0
91	0.5348508123090281
90	0.0
102	0.0
103	0.0
100	0.13287587021660438
101	2.2880140143603996E-9
98	0.0
99	1.7094466652640438E-4
96	0.0
97	0.0044137022397891966
110	0.0
111	0.26785714285714285
108	0.037267080745341616
109	0.0
106	2.3371442295890715E-6
107	8.986515291186165E-7
104	2.5147163295200453E-5
105	0.0
119	0.01290774012975455
118	2.910765857772428E-8
117	7.346841317411096E-6
116	0.0
115	0.0
114	0.0
113	0.0
112	0.0
127	1.221322849213691
126	0.0
125	0.0
124	0.0
123	0.0
122	0.0
121	0.43697460213904826
120	0.0
137	0.1916728171449568
136	1.4290205493154992E-5
139	0.2471274528254245
138	0.5991432231890247
141	0.0
140	0.05714285714285714
143	4.023842324679601E-5
142	0.0
129	0.0
128	0.0
131	1.682875221935949E-4
130	0.0
133	0.3219298245614035
132	0.0
135	0.0
134	0.005499664654594232
152	0.0
153	0.0
154	2.412933516684108E-7
155	5.129014440148347E-4
156	1.6115705809030125E-7
157	0.023809523809523808
158	0.0
159	0.42117470265746726
144	0.0
145	0.0
146	3.108222920466114E-5
147	0.06593406593406594
148	0.1308359218868944
149	0.0
150	0.021811152714577505
151	0.0
171	0.0
170	0.0
169	0.0
168	0.0
175	0.0
174	0.0
173	0.0
172	0.03570487483530962
163	0.0
162	0.0
161	0.0
160	0.0
167	0.0
166	0.005943423664942652
165	0.0
164	0.0
186	0.02815126050420168
187	0.0
184	0.0
185	0.0
190	2.8935725353295875E-4
191	0.0
188	0.06880538816022687
189	0.0
178	0.0
179	0.0
176	0.7130601014428251
177	0.12780429712821098
182	0.0
183	0.0
180	0.0
181	0.1524634981065592
205	0.0
204	0.0
207	8.939167424440917E-4
206	0.024242424242424242
201	0.0
200	3.747600036936346E-7
203	0.0
202	0.10588235294117647
197	0.0
196	8.807671729020043E-4
199	0.0
198	0.0
193	0.0
192	0.0
195	3.4979026575665233E-7
194	0.0029076830562834713
220	1.7998834839462512E-6
221	0.09824561403508772
222	0.0
223	0.0
216	0.0
217	2.3716755205235098E-4
218	0.0
219	0.0
212	0.0
213	0.0
214	0.0
215	0.0
208	0.0
209	0.14649771043113288
210	0.0
211	0.0
239	0.0
238	0.0
237	0.0
236	0.0
235	0.0
234	0.0
233	0.0
232	0.0
231	0.0
230	0.0
229	0.0
228	0.0
227	0.0
226	0.0
225	0.0
224	0.0
254	0.0
255	0.0
252	0.0013386880856760374
253	0.0
250	0.0
251	0.0
248	0.0
249	0.0
246	0.0
247	0.0
244	0.0
245	0.0
242	0.0
243	0.0
240	0.0
241	0.5877391088178103
275	0.0
274	0.0
273	0.0
272	0.0
279	0.0
278	0.0
277	0.0
276	0.0
283	0.0
282	0.0
281	0.0
280	0.0
287	0.0
286	0.0
285	0.0
284	0.0
258	0.0
259	0.0
256	0.0
257	0.0
262	0.04752136752136752
263	1.550493366989376E-5
260	0.0
261	6.98760991947129E-7
266	0.0
267	0.1320289088665609
264	0.0
265	0.0
270	0.0
271	0.0
268	0.15034965034965034
269	0.0
305	0.0
304	0.002291825821237586
307	0.0
306	0.0
309	0.0
308	0.0
311	3.9085401602501464E-4
310	0.08511461175061548
313	2.8092013980961342E-5
312	0.0
315	0.05150293255131965
314	0.0
317	0.021220708411324667
316	0.0
319	0.0
318	0.0
288	0.0022688598979013048
289	0.0
290	0.4421464279954846
291	0.5158970340004823
292	0.0
293	0.0
294	0.0
295	0.0
296	0.0
297	3.085277057879798E-5
298	0.0
299	0.0
300	0.0
301	0.0
302	0.0
303	0.0
343	0.0
342	0.14446818548813598
341	0.0
340	0.0
339	0.0
338	0.0
337	0.0
336	0.0
351	0.0
350	0.0
349	0.0
348	0.031578947368421054
347	0.0
346	0.0
345	0.0
344	0.1580362361192285
326	0.0
327	0.0
324	0.0
325	0.0
322	3.3028912073589566E-6
323	0.0
320	0.0
321	0.05357142857142857
334	0.0
335	0.0
332	0.0
333	0.0
330	0.0
331	0.0
328	0.0
329	0.0
373	0.0
372	0.0
375	0.0
374	0.0
369	0.0
368	0.0
371	0.0
370	0.0
381	0.0
380	0.0
383	0.0
382	0.0
377	0.0
376	0.0
379	0.0
378	0.0
356	0.0
357	7.710435670169404E-8
358	0.0
359	0.0
352	0.0
353	0.0
354	1.7342058805178026E-4
355	0.011411829939007028
364	0.0
365	0.0
366	0.0
367	0.0
360	0.0
361	0.10989010989010989
362	0.0
363	0.0
410	0.0010832052799959694
411	0.0
408	0.0
409	0.0
414	0.0
415	0.0
412	0.0
413	0.0
402	0.0
403	0.0
400	0.0521978021978022
401	0.0
406	0.003718386876281613
407	0.0
404	0.0
405	0.0
395	0.0
394	0.0
393	0.0
392	0.0
399	0.0
398	0.0
397	0.0
396	0.0
387	0.0
386	0.0
385	0.0
384	0.0
391	0.0
390	0.0
389	0.0
388	0.0
440	0.0
441	0.0
442	0.0
443	0.051225042182227225
444	0.0
445	0.0
446	0.0
447	0.0
432	0.0
433	0.0
434	0.0
435	0.0
436	0.0
437	0.0
438	0.0
439	0.0
425	0.0
424	0.00980392156862745
427	0.0
426	0.07223942208462332
429	0.0
428	0.0
431	0.0
430	0.0
417	0.0
416	0.0
419	0.0
418	0.0
421	0.0
420	0.0
423	0.0
422	0.006549677517696038
478	0.0
479	0.0
476	0.0
477	0.0
474	0.0
475	0.0
472	0.0
473	0.0
470	0.0
471	0.0
468	0.0
469	0.0
466	0.0
467	0.0
464	0.0
465	0.0
463	0.0
462	0.0
461	0.0
460	0.0
459	0.0
458	0.0
457	0.0
456	0.0
455	0.0
454	0.0
453	0.0
452	0.0
451	0.0
450	0.0
449	0.0
448	0.0
508	0.0
509	0.0
510	0.0
511	0.0
504	0.0
505	0.0
506	0.0
507	0.0
500	0.0
501	0.0
502	0.0
503	0.0
496	0.0
497	0.0
498	0.0
499	0.0
493	0.0
492	0.0
495	0.0
494	0.0
489	0.0
488	0.0
491	0.0
490	0.0
485	0.0
484	0.0
487	0.0
486	0.0
481	0.0
480	0.0
483	0.0
482	0.0
550	0.0
551	0.0
548	0.0
549	0.0
546	0.0
547	0.0
544	0.0
545	0.0
558	0.0
559	0.0
556	0.0
557	0.0
554	0.0
555	0.0
552	0.0
553	0.0
567	0.0
566	0.0
565	0.0
564	0.0
563	0.0
562	0.0
561	0.0
560	0.0
575	0.0
574	0.0
573	0.0
572	0.0
571	0.0
570	0.0
569	0.0
568	0.0
516	0.0
517	0.0
518	0.0
519	0.0
512	0.0
513	0.0
514	0.0875
515	0.0
524	0.0
525	0.0
526	0.0
527	0.0
520	0.0
521	0.0
522	0.0
523	0.0
533	0.0
532	0.0
535	0.0
534	0.0
529	0.0
528	0.0
531	0.0
530	0.0
541	0.0
540	0.0
543	0.0
542	0.0
537	0.0
536	0.0
539	0.0
538	0.0
610	0.0
611	0.0
608	0.0
609	0.0
614	0.0
615	0.0
612	0.0
613	0.0
618	0.0
619	0.0
616	0.0
617	0.0
622	0.0
623	0.0
620	0.0
621	0.0
627	0.0
626	0.0
625	0.0
624	0.0
631	0.0
630	0.0
629	0.0
628	0.0
635	0.0
634	0.0
633	0.0
632	0.0
639	0.0
638	0.0
637	0.0
636	0.0
576	0.0
577	0.0
578	0.0
579	0.0
580	0.0
581	0.0
582	0.0
583	0.0
584	0.0
585	0.0
586	0.0
587	0.0
588	0.0
589	7.692307692307692E-4
590	0.0
591	0.0
593	0.0
592	0.0
595	0.0
594	0.0
597	0.0
596	0.0
599	0.0
598	0.0
601	0.0
600	0.0
603	0.0
602	0.0
605	0.0
604	0.0
607	0.0
606	0.0
687	0.0
686	0.0
685	0.0
684	0.0
683	0.0
682	0.0
681	0.0
680	0.0
679	0.0
678	0.0
677	0.0
676	0.0
675	0.0
674	0.0
673	0.0
672	0.0
702	0.0
703	0.0
700	0.0
701	0.0
698	0.0
699	0.0
696	0.0
697	0.0
694	0.0
695	0.0
692	0.0
693	0.0
690	0.0
691	0.14285714285714285
688	0.0
689	0.0
653	0.0
652	0.0
655	0.0
654	0.0
649	0.0
648	0.0
651	0.0
650	0.0
645	0.0
644	0.0
647	0.0
646	0.0
641	0.0
640	0.0
643	0.0
642	0.0
668	0.0
669	0.0
670	0.0
671	0.0
664	0.0
665	0.0
666	0.0
667	0.01176059618071728
660	0.0
661	0.0
662	0.0
663	0.0
656	0.0
657	0.0
658	0.0
659	0.0
747	0.0
746	0.0
745	0.0
744	0.0
751	0.0
750	0.0
749	0.0
748	0.0
739	0.0
738	0.0
737	0.0
736	0.0
743	0.0
742	0.0
741	0.02142857142857143
740	0.0
762	0.0
763	0.0
760	0.0
761	0.0
766	0.0
767	0.0
764	0.0
765	0.0
754	0.0
755	0.0
752	0.0
753	0.0
758	0.0
759	0.0
756	0.0
757	0.0
713	0.0
712	0.0
715	0.0
714	0.0
717	0.0
716	0.0
719	0.0
718	0.0
705	0.0
704	0.0
707	0.0
706	0.0
709	0.0
708	0.0
711	0.0
710	0.0
728	0.0
729	0.0
730	0.0
731	0.0
732	0.0
733	0.0
734	0.0
735	0.0
720	0.0
721	0.0
722	0.0
723	0.0
724	0.0
725	0.0
726	0.0
727	0.0
821	0.0
820	0.0
823	0.0
822	0.0
817	0.0
816	0.0
819	0.0
818	0.0
829	0.0
828	0.0
831	0.0
830	0.0
825	0.0
824	0.0
827	0.0
826	0.0
804	0.0
805	0.0
806	0.0
807	0.0
800	0.0
801	0.0
802	0.0
803	0.0
812	0.0
813	0.0
814	0.0
815	0.0
808	0.0
809	0.0
810	0.0
811	0.0
791	0.0
790	0.0
789	0.0
788	0.0
787	0.0
786	0.0
785	0.0
784	0.0
799	0.0
798	0.0
797	0.0
796	0.0
795	0.0
794	0.0
793	0.0
792	0.0
774	0.0
775	0.0
772	0.0
773	0.0
770	0.0
771	0.0
768	0.0
769	0.0
782	0.0
783	0.0
780	0.0
781	0.0
778	0.0
779	0.0
776	0.0
777	0.0
881	0.0
880	0.0
883	0.0
882	0.0817391304347826
885	0.0
884	0.0
887	0.0
886	0.0
889	0.0
888	0.0
891	0.0
890	0.0
893	0.0
892	0.0
895	0.0
894	0.0
864	0.0
865	0.0
866	0.0
867	0.0
868	0.0
869	0.0
870	0.0
871	0.0
872	0.0
873	0.0
874	0.0
875	0.0
876	0.0
877	0.0
878	0.0
879	0.0
851	0.0
850	0.0
849	0.0
848	0.0
855	0.0
854	0.0
853	0.0
852	0.0
859	0.0
858	0.0
857	0.0
856	0.0
863	0.0
862	0.0
861	0.0
860	0.0
834	0.0
835	0.0
832	0.0
833	0.0
838	0.0
839	0.0
836	0.0
837	0.0
842	0.0
843	0.0
840	0.0
841	0.0
846	0.0
847	0.0
844	0.0
845	0.0
956	0.0
957	0.0
958	0.0
959	0.0
952	0.0
953	0.0
954	0.0
955	0.0
948	0.0
949	0.0
950	0.0
951	0.0
944	0.0
945	0.0
946	0.0
947	0.0
941	0.0
940	0.0
943	0.0
942	0.0
937	0.0
936	0.0
939	0.0
938	0.0
933	0.0
932	0.0
935	0.0
934	0.0
929	0.0
928	0.0
931	0.0
930	0.0
926	0.0
927	0.0
924	0.0
925	0.0
922	0.0
923	0.0
920	0.0
921	0.0
918	0.0
919	0.0
916	0.0
917	0.0
914	0.0
915	0.0
912	0.0
913	0.0
911	0.0
910	0.0
909	0.0
908	0.0
907	0.0
906	0.0
905	0.0
904	0.0
903	0.0
902	0.0
901	0.0
900	0.0
899	0.0
898	0.0
897	0.0
896	0.0
993	0.0
992	0.0
995	0.0
994	0.0
997	0.0
996	0.0
986	0.0
987	0.0
984	0.0
985	0.0
990	0.0
991	0.0
988	0.0
989	0.0
978	0.0
979	0.0
976	0.0
977	0.0
982	0.0
983	0.0
980	0.0
981	0.0
971	0.0
970	0.0
969	0.0
968	0.0
975	0.0
974	0.0
973	0.0
972	0.0
963	0.0
962	0.0
961	0.0
960	0.0
967	0.0
966	0.0
965	0.0
964	0.0
