0	0.3931755137415359
1	3.874309519196654E-7
2	0.0
3	8.296983245760796E-6
4	6.022256949277038E-5
5	0.01621366402526156
6	5.325329382918453E-4
7	0.004540455920568299
8	1.3696085359980436E-7
9	0.003952569169960474
10	0.032973542701215774
11	0.0
12	5.473453749315818E-4
13	5.53137638508554E-4
14	1.2872900100567033E-6
15	0.0
17	0.3207313795632614
16	0.24832826855762372
19	0.49040057351672334
18	2.525252525252525E-4
21	0.0
20	0.26798862234880716
23	0.27632318297300024
22	1.0501398403452045E-6
25	4.686860674447854E-5
24	0.40024060776668824
27	1.97983229581482E-7
26	7.492994050562724E-6
29	0.122734597017549
28	0.006861327094592815
31	0.10721918012585693
30	5.585643753599415E-5
34	0.009031320437622892
35	0.0
32	0.002411818317848544
33	0.07707338254450717
38	2.941650227088255E-4
39	3.288271830471319E-4
36	0.026783516753981926
37	2.669572300346959E-8
42	2.2249852758327336E-4
43	0.002982113436432853
40	0.006087924942886904
41	1.179292533116503E-5
46	3.017500941441493E-5
47	0.020850202429149797
44	0.05490309548107468
45	7.646197819176096E-7
51	6.464656733828387E-6
50	0.011196524064171123
49	0.0
48	0.0
55	4.904599038177746E-5
54	0.08222335114928041
53	1.0982735140359354E-5
52	0.0
59	0.0
58	0.0
57	0.0
56	0.0
63	0.16576842721022575
62	3.805009617158917E-4
61	0.552453032210139
60	0.0
68	4.7992641064596736E-5
69	6.5995880413402316E-6
70	0.0
71	0.09929024463908184
64	1.2872207399680368E-5
65	0.12548934841438625
66	0.0
67	0.0
76	0.0
77	0.0
78	1.5227653418608193E-6
79	0.0
72	3.335490839991668E-8
73	0.009744897959183674
74	0.0
75	0.0
85	0.3777133915946738
84	0.0
87	1.1195700850873264E-6
86	0.0
81	0.027253668763102725
80	0.28673403644070755
83	1.9420199890601752E-7
82	0.02932551319648094
93	0.0
92	1.035753764055651
95	0.03977485928705441
94	0.040709547658684724
89	0.0
88	0.0
91	0.0921863105778168
90	0.2743590171061288
102	2.481942941586307E-7
103	0.0
100	0.001579878087823881
101	0.0
98	0.20628649786651285
99	0.0
96	0.47912087912087914
97	0.0
110	2.894076789504148E-4
111	9.881422924901185E-4
108	0.23264442454097625
109	0.10444604623350376
106	0.0
107	0.06165313549832027
104	0.0
105	0.0
119	0.0
118	0.0
117	2.0028137307568543E-5
116	0.055455694540201585
115	5.411782532930697E-6
114	0.013352042232002051
113	7.327363369011468E-7
112	0.0
127	0.0
126	0.0
125	0.0
124	0.0023857195964233774
123	6.350718425021831E-6
122	0.0
121	0.0
120	0.0
137	0.0
136	0.0
139	0.0
138	0.0
141	0.0037618291894433668
140	0.008461538461538461
143	0.0
142	2.050524934383202E-5
129	0.004853599600061435
128	0.0
131	6.827593034489586E-7
130	0.23738661266609337
133	0.0
132	0.0
135	0.010375494071146246
134	3.0029555404529723E-4
152	0.12790925018153584
153	9.046329191848443E-8
154	0.0
155	0.02561796025064391
156	0.0
157	0.0
158	0.0
159	4.861842638359938E-4
144	0.0
145	0.08640295236996887
146	0.0
147	0.0
148	9.612611746611555E-4
149	0.0
150	1.4794394896920053E-6
151	0.0
171	0.009072580645161291
170	0.0
169	0.0
168	0.001336898395721925
175	0.005004317717535757
174	1.5277997773456502E-7
173	0.0
172	1.3967595179184292E-4
163	0.005357142857142857
162	0.0
161	8.449214981044824E-6
160	0.0
167	0.0029411764705882353
166	0.2074769267720006
165	0.0
164	0.0
186	0.0
187	0.0
184	0.0
185	9.108005264725665E-6
190	0.0
191	0.0
188	0.0
189	5.4284351302001944E-5
178	0.013450492537128739
179	0.0125
176	3.273956544110544E-4
177	0.0
182	0.0
183	0.0
180	0.0
181	0.256168776993731
205	0.0
204	0.15081082804070475
207	0.0
206	0.0
201	0.0
200	0.012142997373021587
203	0.0
202	0.0
197	7.836486996917126E-8
196	0.0
199	0.01407690420819117
198	0.0
193	0.06665346698745071
192	0.005751173708920188
195	0.0
194	0.0
220	0.0
221	0.0
222	0.0
223	0.0
216	0.0
217	4.675300388049932E-5
218	0.0
219	0.0
212	0.0
213	0.0
214	0.0
215	0.0
208	0.0
209	0.0
210	0.0
211	0.002541159709490421
239	2.0145551610385032E-4
238	0.0
237	0.001287001287001287
236	0.0
235	8.965526206905517E-8
234	0.0
233	0.0
232	0.0
231	0.0
230	0.0
229	0.0
228	0.0
227	0.0
226	0.0
225	0.0
224	0.0
254	0.0
255	0.0
252	0.0
253	0.0
250	0.0
251	0.0
248	0.0
249	0.0
246	0.0
247	0.0
244	0.0
245	0.0
242	0.0
243	0.0
240	0.0
241	9.134088417975886E-5
275	0.0
274	0.0
273	0.0
272	0.0
279	0.0
278	0.0
277	0.20098039215686275
276	0.0
283	0.0
282	0.0
281	0.0
280	0.0
287	0.0
286	0.031183932346723044
285	0.0
284	0.0
258	0.0
259	0.0
256	0.0
257	0.2544918314554072
262	0.0
263	0.0
260	0.0
261	0.0
266	0.0
267	0.0
264	0.0
265	0.0
270	0.0
271	0.0
268	0.0
269	0.0
305	0.0
304	0.0
307	0.0
306	0.0
309	0.0
308	0.0
311	0.0
310	0.0
313	0.0
312	0.0
315	0.0
314	0.0
317	0.0
316	0.0
319	0.0
318	0.0
288	0.0
289	0.0
290	0.0
291	0.0
292	0.0034482758620689655
293	0.005656108597285068
294	0.0
295	0.0
296	0.0
297	0.0
298	0.0
299	0.0012987012987012987
300	0.0
301	0.0
302	0.0
303	0.0
343	0.0
342	0.0
341	0.0
340	0.0
339	0.0
338	0.0
337	0.0
336	0.0
351	0.0
350	0.0
349	0.0
348	0.0036669213139801375
347	0.0
346	0.0
345	0.024725274725274724
344	0.0
326	0.0
327	0.0
324	0.0
325	0.0
322	0.0
323	0.0
320	0.0
321	0.0
334	0.0
335	0.0
332	0.0
333	0.0
330	0.0
331	0.0
328	0.0
329	0.0
373	0.0
372	0.0
375	0.0
374	0.0
369	0.0
368	0.0
371	0.0
370	0.0
381	0.0
380	0.0
383	0.0
382	0.0
377	0.0
376	0.0
379	0.0
378	0.0
356	0.0
357	0.0
358	0.0
359	0.0
352	0.0
353	0.0
354	0.0
355	0.0
364	0.0
365	0.0
366	0.0
367	0.0
360	0.0
361	0.0
362	0.0
363	0.0
410	0.0
411	0.0
408	0.0
409	0.0
414	0.0
415	0.0
412	0.0
413	0.0
402	0.0
403	0.0
400	0.0
401	0.0
406	0.0
407	0.0
404	0.0
405	0.0
395	0.0
394	0.0
393	0.0
392	0.0
399	0.0
398	0.0
397	0.0
396	0.0
387	0.0
386	0.0
385	0.0
384	0.0
391	0.0
390	0.0
389	0.0
388	0.0
440	0.0
441	0.0
442	0.0
443	0.0
444	0.0
445	0.0
446	0.0
447	0.0
432	0.0
433	0.0
434	0.0
435	0.0
436	0.0
437	0.0
438	0.0
439	0.0
425	0.0
424	0.0
427	0.0
426	0.0
429	0.0
428	0.0
431	0.0
430	0.0
417	0.0
416	0.0
419	0.0
418	0.19642857142857142
421	0.0
420	0.0
423	0.0
422	0.0
478	0.0
479	0.0
476	0.0
477	0.0
474	0.0
475	0.0
472	0.0
473	0.0
470	0.0
471	0.0041849070917096085
468	0.0
469	0.0
466	0.0
467	0.0
464	0.0
465	0.0
463	0.0
462	0.0
461	0.0
460	0.0
459	0.0
458	0.0
457	0.0
456	0.0
455	0.0
454	0.0
453	0.0
452	0.031868131868131866
451	0.0
450	0.0
449	0.0
448	0.0
508	0.0
509	0.0
510	0.0
511	0.0
504	0.0
505	0.0
506	0.0
507	0.0
500	0.0
501	0.0
502	0.0
503	0.0
496	0.0
497	0.0
498	0.0
499	0.0
493	0.0
492	0.0
495	0.0
494	0.0
489	0.0
488	0.0
491	0.0
490	0.0
485	0.0
484	0.0
487	0.0
486	0.0
481	0.0
480	0.0
483	0.0
482	0.0
550	0.0
551	0.0
548	0.0
549	0.0
546	0.0
547	0.0
544	0.0
545	0.0
558	0.0
559	0.0
556	0.0
557	0.0
554	0.0
555	0.0
552	0.0
553	0.0
567	0.0
566	0.0
565	0.0
564	0.0
563	0.0
562	0.0
561	0.0
560	0.0
575	0.0
574	0.0
573	0.0
572	0.0
571	0.0
570	0.0
569	0.0
568	0.0
516	0.0
517	0.0
518	0.0
519	0.0
512	0.0
513	0.0
514	0.0
515	0.0
524	0.0
525	0.0
526	0.0
527	0.0
520	0.0
521	0.0
522	0.0
523	0.0
533	0.0
532	0.0
535	0.0
534	0.0
529	0.0
528	0.0
531	0.0
530	0.0
541	0.0
540	0.0
543	0.0
542	0.0
537	0.0
536	0.0
539	0.0
538	0.0
610	0.0
611	0.0
608	0.0
609	0.0
614	0.0
615	0.0
612	0.0
613	0.0
618	0.0
619	0.0
616	0.0
617	0.0
622	0.0
623	0.0
620	0.0
621	0.0
627	0.0
626	0.0
625	0.0
624	0.0
631	0.0
630	0.0
629	0.0
628	0.0
635	0.0
634	0.0
633	0.0
632	0.0
639	0.0
638	0.0
637	0.0
636	0.0
576	0.0
577	0.0
578	0.0
579	0.0
580	0.0
581	0.0
582	0.0
583	0.0
584	0.0
585	0.0
586	0.0
587	0.0
588	0.0
589	0.0
590	0.0
591	0.0
593	0.0
592	0.0
595	0.0
594	0.0
597	0.0
596	0.0
599	0.0
598	0.0
601	0.0
600	0.0
603	0.0
602	0.0
605	0.0
604	0.0
607	0.0
606	0.0
687	0.0
686	0.0
685	0.0
684	0.0
683	0.0
682	0.0
681	0.0
680	0.0
679	0.0
678	0.0
677	0.0
676	0.0
675	0.0
674	0.0
673	0.0
672	0.0
702	0.0
703	0.0
700	0.0
701	0.0038068062276456972
698	0.0
699	0.0
696	0.0
697	0.0
694	0.0
695	0.0
692	0.0
693	0.0
690	0.0
691	0.0
688	0.0
689	0.0
653	0.0
652	0.0
655	0.0
654	0.0
649	0.0
648	0.0
651	0.0
650	0.0
645	0.0
644	0.0
647	0.0
646	0.0
641	0.0
640	0.0
643	0.0
642	0.0
668	0.0
669	0.0
670	0.0
671	0.0
664	0.0
665	0.0
666	0.0
667	0.0
660	0.0
661	0.0
662	0.0
663	0.0
656	0.0
657	0.0
658	0.0
659	0.0
747	0.0
746	0.0
745	0.0
744	0.0
751	0.0
750	0.0
749	0.0
748	0.0
739	0.0
738	0.0
737	0.0
736	0.0
743	0.0
742	0.0
741	0.0
740	0.0
762	0.0
763	0.0
760	0.0
761	0.0
766	0.0
767	0.0
764	0.0
765	0.0
754	0.0
755	0.0
752	0.0
753	0.0
758	0.0
759	0.0
756	0.0
757	0.0
713	0.0
712	0.0
715	0.0
714	0.0
717	0.0
716	0.0
719	0.0
718	0.0
705	0.0
704	0.0
707	0.0
706	0.0
709	0.0
708	0.0
711	0.0
710	0.0
728	0.0
729	0.0
730	0.0
731	0.0
732	0.0
733	0.0
734	0.0
735	0.0
720	0.0
721	0.0
722	0.0
723	0.0
724	0.0
725	0.0
726	0.0
727	0.0
772	0.0
770	0.0
771	0.0
768	0.0
769	0.0
