0	0.0
1	0.0
2	3.966155473294553E-4
3	5.7104223065853306E-5
4	2.0319196567298778E-4
5	0.1888824344251307
6	6.368980963045913E-4
7	5.5188115726232316E-5
8	0.10639115727611302
9	0.6601459041368803
10	0.30106558798624783
11	0.5751289989680083
12	0.6854861332060664
13	0.0
14	0.9578748664811609
15	0.29768611670020123
17	0.22235023041474655
16	0.0021130284832260086
19	0.0
18	0.004214196030240697
21	0.5833333333333334
20	1.0046781358795143
23	0.0
22	0.0
25	0.9764618358024315
24	0.0035714285714285713
27	0.22176122000065662
26	0.21417018284106892
29	0.0
28	0.8507010644433958
31	0.0
30	0.0
34	0.006853905588082803
35	0.0
32	0.0
33	0.05255303180614384
38	1.2811727476652628
39	1.8436371594266332
36	1.0269477969841165
37	1.6827639811025545E-4
42	0.3765892002734108
43	0.004958877600387035
40	0.0
41	0.0014780457637600494
46	1.6146605222734256
47	1.0197959795979599
44	2.732103583153849E-6
45	8.677098150782362E-4
51	1.4436862075507493
50	1.00857566015244
49	2.447659254501735E-5
48	0.0
55	0.18365301411679288
54	0.9908147232861011
53	0.023809523809523808
52	0.0
59	0.0
58	1.100594320933304E-5
57	5.085670430062785E-6
56	0.0
63	0.7020750988142292
62	0.10754832066425747
61	0.0
60	0.0
68	0.0
69	0.0
70	1.2763050505598446
71	0.0
64	1.3988904694167852
65	2.0
66	0.0
67	0.0
76	0.5347560975609756
77	0.0
78	0.0
79	1.014291958041958
72	1.2200078402610048
73	1.6866567046641248
74	0.0
75	0.020095616238554413
85	0.4
84	0.033116883116883114
87	2.7684641176289643E-4
86	0.0
81	0.0
80	0.0
83	1.7904568649100295E-4
82	1.383967287434997
93	0.0
92	1.4
95	1.3977272727272727
94	0.0
89	0.0
88	5.088873541492494E-4
91	0.7855278325568988
90	0.0012010138880156715
102	1.3977604861340325
103	1.679980163528443
100	1.2800189955747434
101	1.622786386775105
98	0.0
99	0.8181818181818182
96	0.9325980392156863
97	0.0
110	0.0
111	0.0
108	1.498076923076923
109	0.0
106	0.0
107	0.0
104	0.0
105	1.5547927727703008
119	0.0
118	0.0
117	0.0
116	1.0902503293807642
115	0.0
114	0.1
113	0.060294117647058824
112	0.0
127	0.21428571428571427
126	0.0
125	2.0
124	0.0
123	1.6676313589298346
122	0.0
121	0.0
120	0.4623376623376623
137	0.0
136	0.0
139	0.0
138	0.0
141	0.0
140	0.0
143	0.1972972972972973
142	0.0
129	0.0
128	1.0204081632653062E-4
131	0.23809523809523808
130	0.29837929366231253
133	0.0
132	0.0
135	0.0
134	0.0
152	0.0
153	0.0
154	0.0
155	0.0
156	0.0
157	0.0
158	0.0
159	0.0
144	1.8514808362369337
145	0.0
146	0.0
147	0.11072623029144768
148	0.0
149	0.0
150	0.0
151	1.6092741935483872
171	0.0
170	0.0
169	0.0
168	0.0
175	0.0
174	0.0
173	4.583651642475172E-4
172	0.0
163	0.0
162	0.0
161	0.0
160	0.0
167	0.0
166	0.0
165	0.0
164	0.0
186	0.0
187	0.0
184	2.0
185	0.0
190	0.0
191	0.0
188	0.0
189	0.0
178	0.0
179	0.0
176	1.788765182186235
177	0.0
182	0.0
183	1.6258064516129032
180	2.0
181	0.0
205	0.0
204	0.0
207	0.0
206	0.0
201	0.0
200	0.0
203	0.0
202	0.0
197	0.0
196	0.0
199	0.0
198	0.0
193	0.0
192	0.0
195	0.0
194	0.0
220	0.0
221	0.0
222	0.0
223	0.0
216	0.0
217	0.0
218	0.0
219	0.0
212	1.8515985023041475
213	0.0
214	0.0
215	0.0
208	0.0
209	0.0
210	0.0
211	0.7857142857142857
239	0.0
238	0.0
237	0.0
236	0.0
235	0.0
234	0.0
233	0.0
232	0.0
231	1.55
230	0.0
229	0.0
228	0.0
227	0.0
226	0.0
225	0.0
224	0.0
254	0.0
255	0.0
252	0.0
253	0.0
250	0.0
251	0.0
248	0.0
249	0.25
246	0.0
247	0.0
244	0.0
245	0.0
242	0.0
243	0.0
240	0.0
241	0.0
275	0.0
274	0.0
273	0.0
272	0.0
279	0.0
278	0.0
277	0.0
276	0.0
283	0.0
282	0.0
281	0.0
280	0.0
287	0.0
286	0.0
285	0.0
284	0.0
258	0.0
259	0.0
256	0.0
257	0.0
262	0.0
263	0.0
260	0.0
261	0.0
266	0.0
267	0.0
264	0.0
265	0.0
270	0.0
271	0.0
268	0.0
269	0.0
305	0.0
304	0.0
307	0.0
306	0.0
309	0.0
308	0.0
311	0.0
310	0.0
313	0.0
312	0.0
315	0.0
314	0.0
317	0.0
316	0.0
319	0.0
318	0.0
288	0.0
289	0.0
290	0.0
291	0.0
292	0.0
293	0.0
294	0.0
295	0.0
296	0.0
297	0.0
298	0.0
299	0.0
300	0.0
301	0.0
302	0.0
303	0.0
343	0.0
342	0.0
341	0.0
340	0.0
339	0.0
338	0.0
337	0.0
336	0.0
351	0.0
350	0.0
349	0.0
348	0.0
347	0.0
346	0.0
345	0.0
344	0.0
326	0.0
327	0.0
324	0.0
325	0.0
322	0.0
323	0.0
320	0.05714285714285714
321	0.0
334	0.0
335	0.0
332	0.0
333	0.6166666666666667
330	0.0
331	0.0
328	0.0
329	0.0
373	0.0
372	0.0
375	0.0
374	0.0
369	0.0
368	0.0
371	0.0
370	0.0
381	0.0
380	0.0
383	0.0
382	0.0
377	0.0
376	0.0
379	0.0
378	0.0
356	0.0
357	0.0
358	0.0
359	0.0
352	0.0
353	0.0
354	0.0
355	0.0
364	0.0
365	0.0
366	0.0
367	0.0
360	0.0
361	0.0
362	0.0
363	0.0
410	0.0
411	0.0
408	0.0
409	0.0
414	0.0
415	0.0
412	0.0
413	0.0
402	0.0
403	0.0
400	0.0
401	0.0
406	0.0
407	0.0
404	0.0
405	0.0
395	0.0
394	0.0
393	0.0
392	0.0
399	0.0
398	0.0
397	0.0
396	0.0
387	0.0
386	0.0
385	0.0
384	0.0
391	0.0
390	0.0
389	0.0
388	0.0
440	0.0
441	0.0
442	0.0
443	0.0
444	0.0
445	0.0
446	0.0
447	0.0
432	0.0
433	0.0
434	0.0
435	0.0
436	0.0
437	0.0
438	0.0
439	0.0
425	0.0
424	0.0
427	0.0
426	0.0
429	0.0
428	0.0
431	0.0
430	0.0
417	0.0
416	0.0
419	0.0
418	0.0
421	0.0
420	0.0
423	0.0
422	0.0
478	0.0
479	0.0
476	0.0
477	0.0
474	0.0
475	0.0
472	0.0
473	0.0
470	0.0
471	0.0
468	0.0
469	0.0
466	0.0
467	0.0
464	0.0
465	0.0
463	0.0
462	0.0
461	0.0
460	0.0
459	0.0
458	0.0
457	0.0
456	0.0
455	0.0
454	0.0
453	0.0
452	0.0
451	0.0
450	0.0
449	0.0
448	0.0
508	0.0
509	0.0
510	0.0
511	0.0
504	0.0
505	0.0
506	0.0
507	0.0
500	0.0
501	0.0
502	0.0
503	0.0
496	0.0
497	0.0
498	0.0
499	0.0
493	0.0
492	0.0
495	0.0
494	0.0
489	0.0
488	0.0
491	0.0
490	0.0
485	0.0
484	0.0
487	0.0
486	0.0
481	0.0
480	0.0
483	0.0
482	0.0
516	0.0
517	0.0
518	0.0
519	0.0
512	0.0
513	0.0
514	0.0
515	0.0
524	0.0
525	0.0
526	0.0
527	0.0
520	0.0
521	0.0
522	0.0
523	0.0
528	0.0
