0	5.936210879151771E-7
1	1.2431007906121028E-6
2	3.891941391941392E-4
3	1.0861992588100766E-4
4	0.15000193969219855
5	5.109527014141821E-4
6	3.8117019249094724E-5
7	7.233931338323969E-5
8	0.07364146530614737
9	0.019404125286478228
10	0.0
11	0.44693239197461904
12	0.487916184821444
13	0.0
14	0.00264617220696112
15	0.7324996821465884
17	7.256308957510279E-4
16	0.7188045382449981
19	0.004570891049775223
18	1.7530424042423967E-4
21	0.04288576923850951
20	0.25848796693947007
23	0.0
22	0.0
25	0.7640513023594486
24	0.47619047619047616
27	1.1599639271902176
26	2.0995538448079782E-4
29	4.6904315196998124E-4
28	1.2154710039085854
31	2.7677623876595833E-6
30	0.4126949778410042
34	0.0
35	0.0
32	0.0
33	0.0
38	1.5319394661992202E-4
39	0.5028011204481793
36	0.7113487381327885
37	0.0
42	1.2728181862112977
43	0.4706305285582348
40	2.062127062127062E-4
41	0.0
46	0.0015113585363035107
47	9.247443081987831E-7
44	1.413547013285158
45	0.0
51	1.5404665898617511
50	0.9529098322676305
49	0.25887833394227255
48	1.6075935293724266
55	0.0
54	5.6668354124322816E-5
53	0.9637046399702519
52	0.0
59	0.0
58	1.0883642972975915E-5
57	0.0
56	3.0383082837385173E-6
63	1.1992694415072576
62	0.5341991341991342
61	0.0
60	0.0
68	0.0
69	0.0
70	9.91600244474533E-6
71	0.0
64	0.8
65	0.0
66	0.0
67	0.0
76	1.6753112728344927E-6
77	1.958127403601388E-6
78	0.031126744320147618
79	0.7725134040923515
72	0.0
73	0.8353978961271759
74	1.1538461538461537
75	1.4978620616025196
85	0.013957307060755337
84	3.533793668855263E-6
87	1.2969450536812965
86	0.0
81	0.1324063139663045
80	0.0
83	0.0
82	0.0
93	0.0
92	0.75
95	1.4723310467371156
94	0.5489637759240948
89	2.303479195918235E-6
88	0.24664224664224665
91	0.0
90	5.644250927269795E-4
102	0.00980392156862745
103	0.0
100	0.6421568627450981
101	0.0
98	0.5
99	0.0
96	0.8809523809523809
97	0.6820572764465225
110	1.3722997407180646
111	0.0
108	0.0
109	0.0
106	0.0
107	0.0
104	0.0
105	0.0
119	0.0
118	0.048484848484848485
117	0.007142857142857143
116	0.0
115	0.0
114	0.0
113	0.2388481084133258
112	0.0
127	0.0
126	0.0034965034965034965
125	0.0
124	0.0
123	0.0
122	0.0
121	0.16668209305195605
120	3.612114476243401E-4
137	0.0
136	0.0
139	1.6666666666666667
138	0.7372198032575391
141	0.5132764343290659
140	0.6360846964900457
143	2.0
142	0.0
129	0.0
128	0.0
131	0.0
130	1.7371323529411764
133	0.0
132	1.3138745928993607
135	0.0
134	1.31539912615764
152	0.0
153	0.0
154	0.0
155	1.9924886877828054
156	0.0
157	0.0
158	0.0
159	0.0
144	0.0
145	0.42948717948717946
146	0.0
147	0.0
148	0.0
149	0.0
150	0.0
151	0.0
171	6.105006105006105E-4
170	0.4
169	1.2508785332314745
168	0.0
175	2.0
174	0.0
173	0.0
172	1.1274509803921569
163	0.0
162	0.0
161	0.0
160	0.0
167	0.9575098814229249
166	0.0
165	0.0
164	0.0
186	0.0
187	0.0
184	0.0
185	0.0
190	0.0
191	0.0
188	0.0
189	0.0
178	0.0
179	0.0
176	0.0
177	0.0
182	0.0
183	0.0
180	0.0
181	0.0
205	0.0
204	0.0
207	0.0
206	0.0
201	0.0
200	0.0
203	0.0
202	0.0
197	0.0
196	0.0
199	2.0
198	0.0
193	0.0
192	0.0
195	0.0
194	0.0
220	0.0
221	0.0
222	0.0
223	0.0
216	0.0
217	0.0
218	0.0
219	0.0
212	0.0
213	0.0
214	0.0
215	0.0
208	0.0
209	0.0
210	0.0
211	0.0
239	0.0
238	0.0
237	2.0
236	0.0
235	0.0
234	0.0
233	0.0
232	0.0
231	0.0
230	0.0
229	0.0
228	0.0
227	0.0
226	0.0
225	0.0
224	0.0
254	0.0
255	0.0
252	0.0
253	0.0
250	0.0
251	0.0
248	0.0
249	0.0
246	0.0
247	0.0
244	0.0
245	0.0
242	0.0
243	0.0
240	0.0
241	0.0
275	0.0
274	0.0
273	0.0
272	0.0
279	0.0
278	0.0
277	0.0
276	0.0
283	0.0
282	0.0
281	0.0
280	0.0
287	0.0
286	0.0
285	0.0
284	0.0
258	0.0
259	0.0
256	0.0
257	0.0
262	0.0
263	0.0
260	0.0
261	0.0
266	0.0
267	0.0
264	0.0
265	0.0
270	0.0
271	0.05
268	0.0
269	0.0
305	0.0
304	0.0
307	0.0
306	0.0
309	0.0
308	0.0
311	0.0
310	0.0
313	0.0
312	0.0
315	0.0
314	0.0
317	0.0
316	0.0
319	0.0
318	0.0
288	0.0
289	0.0
290	0.0
291	0.0
292	0.0
293	0.0
294	0.0
295	0.0
296	0.0
297	0.0
298	0.0
299	0.0
300	0.0
301	0.0
302	0.0
303	0.0
343	0.0
342	0.0
341	0.0
340	0.0
339	0.0
338	0.0
337	0.0
336	0.0
351	0.0
350	0.0
349	0.0
348	0.0
347	0.0
346	0.0
345	0.0
344	0.0
326	0.0
327	0.0
324	0.0
325	0.0
322	0.0
323	0.0
320	0.0
321	0.0
334	0.0
335	0.0
332	0.0
333	0.0
330	0.0
331	0.0
328	0.02178382884134482
329	0.0
373	0.0
372	0.0
375	0.0
374	0.0
369	0.0
368	0.0
371	0.0
370	0.0
381	0.0
380	0.0
383	0.0
382	0.0
377	0.0
376	0.0
379	0.0
378	0.0
356	0.0
357	0.0
358	0.0
359	0.0
352	0.0
353	0.0
354	0.0
355	0.0
364	0.0
365	0.0
366	0.0
367	0.4484848484848485
360	0.0
361	0.0
362	0.0
363	0.0
410	0.0
411	0.0
408	0.0
409	0.0
414	0.0
415	0.0
412	0.0
413	0.0
402	0.0
403	0.0
400	0.0
401	0.0
406	0.0
407	0.0
404	0.0
405	0.0
395	0.0
394	0.0
393	0.0
392	0.0
399	0.0
398	0.0
397	0.0
396	0.0
387	0.0
386	0.0
385	0.0
384	0.0
391	0.0
390	0.0
389	0.0
388	0.0
440	0.0
441	0.0
442	0.0
443	0.0
444	0.0
445	0.0
446	0.0
447	0.0
432	0.0
433	0.0
434	0.0
435	0.0
436	0.0
437	0.0
438	0.0
439	0.0
425	0.0
424	0.0
427	0.0
426	0.0
429	0.0
428	0.0
431	0.0
430	0.0
417	0.0
416	0.0
419	0.0
418	0.0
421	0.0
420	0.0
423	0.0
422	0.0
478	0.0
479	0.0
476	0.0
477	0.0
474	0.0
475	0.0
472	0.0
473	0.0
470	0.0
471	0.0
468	0.0
469	0.0
466	0.0
467	0.0
464	0.0
465	0.0
463	0.0
462	0.0
461	0.0
460	0.0
459	0.0
458	0.0
457	0.0
456	0.0
455	0.0
454	0.0
453	0.0
452	0.0
451	0.0
450	0.0
449	0.0
448	0.0
508	0.0
509	0.0
510	0.0
511	0.0
504	0.0
505	0.0
506	0.0
507	0.0
500	0.0
501	0.0
502	0.0
503	0.0
496	0.0
497	0.0
498	0.0
499	0.0
493	0.0
492	0.0
495	0.0
494	0.0
489	0.0
488	0.0
491	0.0
490	0.0
485	0.0
484	0.0
487	0.0
486	0.0
481	0.0
480	0.0
483	0.0
482	0.0
550	0.0
551	0.0
548	0.0
549	0.0
546	0.0
547	0.0
544	0.0
545	0.0
558	0.0
556	0.0
557	0.0
554	0.0
555	0.0
552	0.0
553	0.0
516	0.0
517	0.0
518	0.0
519	0.0
512	0.0
513	0.0
514	0.0
515	0.0
524	0.0
525	0.0
526	0.0
527	0.0
520	0.0
521	0.0
522	0.0
523	0.0
533	0.0
532	0.0
535	0.0
534	0.0
529	0.0
528	0.0
531	0.0
530	0.0
541	0.0
540	0.0
543	0.0
542	0.0
537	0.0
536	0.0
539	0.0
538	0.0
